266,3
266,1
258,0
253,7
253,6
253,5
253,4
253,3
253,2
253,1
253,0
248,9
248,8
248,7
248,6
248,5
248,4
248,3
248,2
248,1
248,0
241,3
241,2
241,1
241,0
240,10
240,9
240,8
240,7
240,6
240,5
240,4
240,3
240,2
240,1
240,0
232,10
232,9
232,8
232,7
232,6
232,5
232,4
232,3
232,2
232,1
232,0
224,6
224,5
224,4
224,3
224,2
224,1
224,0
223,3
223,2
223,1
223,0
222,3
222,2
222,1
222,0
221,3
221,2
221,1
221,0
220,3
220,2
220,1
220,0
219,4
219,3
219,2
219,1
219,0
217,4
217,3
217,2
217,1
217,0
215,1
215,3
215,2
14,8
14,5
11,30
11,29
11,16
11,15
11,9
11,7
10,284
10,270
10,122
10,252
10,220
10,236
10,96
10,70
10,174
10,76
10,250
10,12
10,142
10,228
10,30
11,22
10,3
10,2
11,12
11,14
11,25
11,1
11,13
11,2
11,3
8,16
8,7
8,15
8,10
8,12
8,9
12,2
12,1
